Gauntlet Results - 2025-09-21 19:49:29
========================================
Final Score: (V2 52 - V1 52 - D 0)
========================================

Positions where V2 (Experimental) Won (52):
- [FEN "B:W17,21,23,24,26,27,28,29,30,31,32:B1,2,3,4,5,7,8,9,11,12,15"]
- [FEN "B:W19,21,22,23,25,26,28,29,30,31,32:B1,2,3,4,6,7,8,9,10,11,12"]
- [FEN "B:W19,22,23,25,26,27,28,29,30,31,32:B1,2,3,4,5,6,7,9,11,12,14"]
- [FEN "B:W20,22,23,25,26,27,28,29,30,31,32:B1,2,3,4,5,6,7,8,9,11,16"]
- [FEN "B:W21,22,23,24,26,27,28,29,30,31,32:B1,2,3,4,5,6,8,9,10,12,16"]
- [FEN "B:W20,21,22,23,25,27,28,29,30,31,32:B1,2,3,4,5,6,7,8,9,11,14"]
- [FEN "B:W20,21,22,23,25,26,27,29,30,31,32:B1,2,3,4,5,6,7,9,10,11,12"]
- [FEN "B:W18,21,22,24,25,27,28,29,30,31,32:B1,2,3,4,5,6,7,8,10,12,15"]
- [FEN "B:W18,22,24,25,26,27,28,29,30,31,32:B1,2,3,4,5,7,8,10,11,12,13"]
- [FEN "B:W19,21,22,25,26,27,28,29,30,31,32:B1,2,3,4,5,6,7,8,9,10,16"]
- [FEN "B:W18,21,22,24,25,26,27,29,30,31,32:B1,2,3,4,5,6,7,9,11,12,14"]
- [FEN "B:W17,22,23,24,25,27,28,29,30,31,32:B1,2,3,4,5,6,8,9,10,11,12"]
- [FEN "B:W19,21,24,25,26,27,28,29,30,31,32:B1,2,3,4,5,6,7,8,9,10,15"]
- [FEN "B:W18,21,23,24,26,27,28,29,30,31,32:B1,2,3,4,5,6,8,9,10,12,16"]
- [FEN "B:W20,22,23,25,26,27,28,29,30,31,32:B1,2,3,4,5,6,8,10,11,12,14"]
- [FEN "B:W19,21,22,24,25,27,28,29,30,31,32:B1,2,3,4,5,6,7,8,9,11,16"]
- [FEN "B:W17,21,23,24,26,27,28,29,30,31,32:B1,2,3,4,5,7,8,9,11,12,14"]
- [FEN "B:W17,22,23,24,25,26,28,29,30,31,32:B1,2,3,4,5,6,7,8,11,12,15"]
- [FEN "B:W21,22,23,24,25,26,27,29,30,31,32:B1,2,3,4,5,6,7,8,9,11,16"]
- [FEN "B:W19,21,22,25,26,27,28,29,30,31,32:B1,2,3,4,5,6,7,8,10,11,16"]
- [FEN "B:W20,21,22,23,25,27,28,29,30,31,32:B1,2,3,4,5,7,8,10,11,12,13"]
- [FEN "B:W19,21,22,25,26,27,28,29,30,31,32:B1,2,3,4,5,6,7,9,10,11,16"]
- [FEN "B:W17,21,23,24,25,27,28,29,30,31,32:B1,2,3,4,5,6,7,9,10,11,12"]
- [FEN "B:W19,22,23,25,26,27,28,29,30,31,32:B1,2,3,4,5,6,8,9,10,12,16"]
- [FEN "B:W18,21,22,24,25,26,28,29,30,31,32:B1,2,3,4,5,6,7,9,10,12,15"]
- [FEN "B:W20,21,23,25,26,27,28,29,30,31,32:B1,2,3,4,5,6,8,9,10,12,16"]
- [FEN "B:W18,21,22,24,25,27,28,29,30,31,32:B1,2,3,4,6,7,8,9,10,12,15"]
- [FEN "B:W17,22,23,24,25,26,28,29,30,31,32:B1,2,3,4,5,6,7,8,10,12,13"]
- [FEN "B:W19,21,23,25,26,27,28,29,30,31,32:B1,2,3,4,5,6,7,8,11,12,13"]
- [FEN "B:W19,21,22,23,25,26,28,29,30,31,32:B1,2,3,4,5,6,7,8,10,11,13"]
- [FEN "B:W18,21,23,25,26,27,28,29,30,31,32:B1,2,3,4,5,6,8,9,10,11,12"]
- [FEN "B:W19,22,24,25,26,27,28,29,30,31,32:B1,2,3,4,6,7,8,9,10,12,16"]
- [FEN "B:W18,21,23,24,25,26,27,29,30,31,32:B1,2,3,4,5,6,8,9,11,12,15"]
- [FEN "B:W18,21,22,24,25,26,27,29,30,31,32:B1,2,3,4,5,6,7,8,11,12,14"]
- [FEN "B:W18,21,23,25,26,27,28,29,30,31,32:B1,2,3,4,5,6,7,8,9,12,14"]
- [FEN "B:W18,21,22,24,25,27,28,29,30,31,32:B1,2,3,4,6,7,8,9,11,12,15"]
- [FEN "B:W18,21,23,24,25,27,28,29,30,31,32:B1,2,3,4,5,6,8,10,11,12,13"]
- [FEN "B:W18,21,23,25,26,27,28,29,30,31,32:B1,2,3,4,5,6,7,8,11,12,14"]
- [FEN "B:W17,22,23,24,25,27,28,29,30,31,32:B1,2,3,4,5,7,8,9,10,11,16"]
- [FEN "B:W17,21,24,25,26,27,28,29,30,31,32:B1,2,3,4,6,7,8,9,11,12,15"]
- [FEN "B:W20,21,22,23,26,27,28,29,30,31,32:B1,2,3,4,5,6,8,10,11,12,14"]
- [FEN "B:W18,22,23,24,25,26,27,28,29,30,31,32:B1,2,3,4,5,6,7,9,10,12,15"]
- [FEN "B:W19,21,22,23,25,26,28,29,30,31,32:B1,2,3,4,5,6,7,9,10,11,16"]
- [FEN "B:W20,21,22,23,25,27,28,29,30,31,32:B1,2,3,4,5,6,8,10,11,12,13"]
- [FEN "B:W20,21,22,23,25,26,28,29,30,31,32:B1,2,3,4,5,6,7,8,9,12,15"]
- [FEN "B:W18,21,23,24,25,26,28,29,30,31,32:B1,2,3,4,5,6,7,9,10,12,16"]
- [FEN "B:W18,21,22,24,26,27,28,29,30,31,32:B1,2,3,4,5,6,7,8,9,11,15"]
- [FEN "B:W19,21,22,24,25,26,27,28,29,30,31,32:B1,2,3,4,5,7,8,9,10,11,16"]
- [FEN "B:W18,21,22,25,26,27,28,29,30,31,32:B1,2,3,4,5,6,7,8,9,12,15"]
- [FEN "B:W19,21,22,23,26,27,28,29,30,31,32:B1,2,3,4,5,6,7,8,10,12,13"]
- [FEN "B:W18,21,23,24,25,26,28,29,30,31,32:B1,2,3,4,5,6,7,9,11,12,15"]
- [FEN "B:W17,21,23,24,26,27,28,29,30,31,32:B1,2,3,4,5,6,7,8,9,11,15"]

Positions where V1 (Stable) Won (52):
- [FEN "B:W17,21,23,24,26,27,28,29,30,31,32:B1,2,3,4,5,7,8,9,11,12,15"]
- [FEN "B:W19,21,22,23,25,26,28,29,30,31,32:B1,2,3,4,6,7,8,9,10,11,12"]
- [FEN "B:W19,22,23,25,26,27,28,29,30,31,32:B1,2,3,4,5,6,7,9,11,12,14"]
- [FEN "B:W20,22,23,25,26,27,28,29,30,31,32:B1,2,3,4,5,6,7,8,9,11,16"]
- [FEN "B:W21,22,23,24,26,27,28,29,30,31,32:B1,2,3,4,5,6,8,9,10,12,16"]
- [FEN "B:W20,21,22,23,25,27,28,29,30,31,32:B1,2,3,4,5,6,7,8,9,11,14"]
- [FEN "B:W20,21,22,23,25,26,27,29,30,31,32:B1,2,3,4,5,6,7,9,10,11,12"]
- [FEN "B:W18,21,22,24,25,27,28,29,30,31,32:B1,2,3,4,5,6,7,8,10,12,15"]
- [FEN "B:W18,22,24,25,26,27,28,29,30,31,32:B1,2,3,4,5,7,8,10,11,12,13"]
- [FEN "B:W19,21,22,25,26,27,28,29,30,31,32:B1,2,3,4,5,6,7,8,9,10,16"]
- [FEN "B:W18,21,22,24,25,26,27,29,30,31,32:B1,2,3,4,5,6,7,9,11,12,14"]
- [FEN "B:W17,22,23,24,25,27,28,29,30,31,32:B1,2,3,4,5,6,8,9,10,11,12"]
- [FEN "B:W19,21,24,25,26,27,28,29,30,31,32:B1,2,3,4,5,6,7,8,9,10,15"]
- [FEN "B:W18,21,23,24,26,27,28,29,30,31,32:B1,2,3,4,5,6,8,9,10,12,16"]
- [FEN "B:W20,22,23,25,26,27,28,29,30,31,32:B1,2,3,4,5,6,8,10,11,12,14"]
- [FEN "B:W19,21,22,24,25,27,28,29,30,31,32:B1,2,3,4,5,6,7,8,9,11,16"]
- [FEN "B:W17,21,23,24,26,27,28,29,30,31,32:B1,2,3,4,5,7,8,9,11,12,14"]
- [FEN "B:W17,22,23,24,25,26,28,29,30,31,32:B1,2,3,4,5,6,7,8,11,12,15"]
- [FEN "B:W21,22,23,24,25,26,27,29,30,31,32:B1,2,3,4,5,6,7,8,9,11,16"]
- [FEN "B:W19,21,22,25,26,27,28,29,30,31,32:B1,2,3,4,5,6,7,8,10,11,16"]
- [FEN "B:W20,21,22,23,25,27,28,29,30,31,32:B1,2,3,4,5,7,8,10,11,12,13"]
- [FEN "B:W19,21,22,25,26,27,28,29,30,31,32:B1,2,3,4,5,6,7,9,10,11,16"]
- [FEN "B:W17,21,23,24,25,27,28,29,30,31,32:B1,2,3,4,5,6,7,9,10,11,12"]
- [FEN "B:W19,22,23,25,26,27,28,29,30,31,32:B1,2,3,4,5,6,8,9,10,12,16"]
- [FEN "B:W18,21,22,24,25,26,28,29,30,31,32:B1,2,3,4,5,6,7,9,10,12,15"]
- [FEN "B:W20,21,23,25,26,27,28,29,30,31,32:B1,2,3,4,5,6,8,9,10,12,16"]
- [FEN "B:W18,21,22,24,25,27,28,29,30,31,32:B1,2,3,4,6,7,8,9,10,12,15"]
- [FEN "B:W17,22,23,24,25,26,28,29,30,31,32:B1,2,3,4,5,6,7,8,10,12,13"]
- [FEN "B:W19,21,23,25,26,27,28,29,30,31,32:B1,2,3,4,5,6,7,8,11,12,13"]
- [FEN "B:W19,21,22,23,25,26,28,29,30,31,32:B1,2,3,4,5,6,7,8,10,11,13"]
- [FEN "B:W18,21,23,25,26,27,28,29,30,31,32:B1,2,3,4,5,6,8,9,10,11,12"]
- [FEN "B:W19,22,24,25,26,27,28,29,30,31,32:B1,2,3,4,6,7,8,9,10,12,16"]
- [FEN "B:W18,21,23,24,25,26,27,29,30,31,32:B1,2,3,4,5,6,8,9,11,12,15"]
- [FEN "B:W18,21,22,24,25,26,27,29,30,31,32:B1,2,3,4,5,6,7,8,11,12,14"]
- [FEN "B:W18,21,23,25,26,27,28,29,30,31,32:B1,2,3,4,5,6,7,8,9,12,14"]
- [FEN "B:W18,21,22,24,25,27,28,29,30,31,32:B1,2,3,4,6,7,8,9,11,12,15"]
- [FEN "B:W18,21,23,24,25,27,28,29,30,31,32:B1,2,3,4,5,6,8,10,11,12,13"]
- [FEN "B:W18,21,23,25,26,27,28,29,30,31,32:B1,2,3,4,5,6,7,8,11,12,14"]
- [FEN "B:W17,22,23,24,25,27,28,29,30,31,32:B1,2,3,4,5,7,8,9,10,11,16"]
- [FEN "B:W17,21,24,25,26,27,28,29,30,31,32:B1,2,3,4,6,7,8,9,11,12,15"]
- [FEN "B:W20,21,22,23,26,27,28,29,30,31,32:B1,2,3,4,5,6,8,10,11,12,14"]
- [FEN "B:W18,22,23,24,25,26,27,28,29,30,31,32:B1,2,3,4,5,6,7,9,10,12,15"]
- [FEN "B:W19,21,22,23,25,26,28,29,30,31,32:B1,2,3,4,5,6,7,9,10,11,16"]
- [FEN "B:W20,21,22,23,25,27,28,29,30,31,32:B1,2,3,4,5,6,8,10,11,12,13"]
- [FEN "B:W20,21,22,23,25,26,28,29,30,31,32:B1,2,3,4,5,6,7,8,9,12,15"]
- [FEN "B:W18,21,23,24,25,26,28,29,30,31,32:B1,2,3,4,5,6,7,9,10,12,16"]
- [FEN "B:W18,21,22,24,26,27,28,29,30,31,32:B1,2,3,4,5,6,7,8,9,11,15"]
- [FEN "B:W19,21,22,24,25,26,27,28,29,30,31,32:B1,2,3,4,5,7,8,9,10,11,16"]
- [FEN "B:W18,21,22,25,26,27,28,29,30,31,32:B1,2,3,4,5,6,7,8,9,12,15"]
- [FEN "B:W19,21,22,23,26,27,28,29,30,31,32:B1,2,3,4,5,6,7,8,10,12,13"]
- [FEN "B:W18,21,23,24,25,26,28,29,30,31,32:B1,2,3,4,5,6,7,9,11,12,15"]
- [FEN "B:W17,21,23,24,26,27,28,29,30,31,32:B1,2,3,4,5,6,7,8,9,11,15"]
